! AeroL.Airfoil V2.0.0 Powered by 赵子祯
这个文件是适配OpenWECD 1.0.2及其之上的版本，支持OYE,IAG，GOR,ATEF 以及BL模型，模型的开启与否在AeroL 主文件当中
===========  翼型信息  (General data)  ===========
50                Thickness      - 翼型相对厚度 Thickness to chord radio(%)
1.E+07          ReyNum        - 雷诺数(Reynolds Number)(-)
31.6,0                PMCentre       - CM测量的位置(气动中心) Pitching Moment Centre(%)
"./NREL_FFA_W3_500_Geo.txt"                Geometry       -  翼型的外形几何数据文件(必须填写，以实现VTK)
===========  翼型数据  (Aerofoil Database) ===========
199   NumAlf     - 翼型数据行数
      Alpha      Cl      Cd        Cm
     (deg)      (-)     (-)       (-)
-180.00	0.000	0.084	0.000
-170.00	0.442	0.084	0.313
-160.00	0.884	0.127	0.283
-150.00	0.967	0.293	0.263
-140.00	0.780	0.497	0.205
-130.00	0.629	0.716	0.193
-120.00	0.479	0.925	0.201
-110.00	0.319	1.099	0.214
-100.00	0.155	1.218	0.222
-90.00	0.000	1.271	0.220
-80.00	-0.155	1.218	0.196
-70.00	-0.319	1.099	0.164
-60.00	-0.478	0.925	0.129
-50.00	-0.629	0.716	0.097
-40.00	-0.780	0.497	0.072
-30.00	-0.967	0.293	0.052
-20.00	-1.028	0.150	-0.006
-19.75	-1.024	0.147	-0.009
-19.25	-1.005	0.145	-0.010
-19.00	-0.997	0.143	-0.011
-18.75	-1.005	0.140	-0.011
-18.50	-1.000	0.139	-0.012
-18.25	-0.991	0.137	-0.012
-18.00	-0.982	0.136	-0.013
-17.50	-0.976	0.132	-0.014
-17.25	-0.971	0.131	-0.014
-17.00	-0.966	0.129	-0.014
-16.75	-0.966	0.127	-0.015
-16.50	-0.954	0.126	-0.015
-16.25	-0.944	0.125	-0.016
-16.00	-0.941	0.123	-0.016
-15.75	-0.943	0.121	-0.016
-15.50	-0.933	0.120	-0.016
-15.25	-0.921	0.119	-0.017
-14.75	-0.916	0.115	-0.017
-14.50	-0.907	0.114	-0.018
-14.25	-0.896	0.113	-0.018
-14.00	-0.893	0.111	-0.018
-13.75	-0.881	0.110	-0.018
-13.50	-0.872	0.109	-0.019
-13.25	-0.866	0.108	-0.019
-13.00	-0.863	0.106	-0.019
-12.75	-0.849	0.105	-0.019
-12.50	-0.836	0.104	-0.019
-12.25	-0.836	0.102	-0.019
-12.00	-0.827	0.101	-0.020
-11.75	-0.814	0.100	-0.020
-11.50	-0.800	0.100	-0.020
-11.00	-0.789	0.097	-0.020
-10.75	-0.786	0.096	-0.020
-10.50	-0.775	0.095	-0.019
-10.25	-0.770	0.094	-0.018
-10.00	-0.767	0.093	-0.018
-9.75	-0.751	0.092	-0.019
-9.50	-0.729	0.091	-0.021
-9.25	-0.710	0.090	-0.022
-9.00	-0.686	0.090	-0.025
-8.75	-0.659	0.089	-0.027
-8.50	-0.632	0.089	-0.029
-8.25	-0.602	0.088	-0.032
-8.00	-0.572	0.088	-0.035
-7.75	-0.542	0.087	-0.037
-7.50	-0.510	0.087	-0.040
-7.25	-0.477	0.086	-0.043
-7.00	-0.445	0.086	-0.045
-6.75	-0.414	0.086	-0.048
-6.50	-0.379	0.086	-0.051
-6.25	-0.346	0.085	-0.054
-6.00	-0.314	0.085	-0.056
-5.75	-0.282	0.085	-0.059
-5.50	-0.246	0.085	-0.062
-5.25	-0.213	0.085	-0.064
-5.00	-0.183	0.085	-0.066
-4.75	-0.149	0.084	-0.069
-4.50	-0.116	0.084	-0.072
-4.25	-0.084	0.084	-0.074
-4.00	-0.053	0.084	-0.076
-3.75	-0.023	0.084	-0.077
-3.50	0.009	0.084	-0.079
-3.25	0.039	0.084	-0.081
-3.00	0.069	0.084	-0.083
-2.75	0.097	0.084	-0.084
-2.50	0.126	0.084	-0.085
-2.25	0.156	0.084	-0.087
-2.00	0.185	0.084	-0.088
-1.75	0.215	0.084	-0.090
-1.50	0.243	0.084	-0.091
-1.25	0.271	0.084	-0.092
-1.00	0.301	0.084	-0.094
-0.75	0.330	0.084	-0.095
-0.50	0.358	0.084	-0.096
-0.25	0.386	0.084	-0.097
0.00	0.414	0.084	-0.098
0.23	0.443	0.084	-0.100
0.47	0.472	0.084	-0.101
0.70	0.500	0.084	-0.102
0.94	0.529	0.084	-0.103
1.17	0.557	0.084	-0.104
1.40	0.585	0.084	-0.105
1.64	0.614	0.084	-0.106
1.87	0.642	0.084	-0.107
2.11	0.670	0.084	-0.108
2.34	0.698	0.084	-0.109
2.57	0.725	0.084	-0.110
2.81	0.753	0.084	-0.111
3.04	0.781	0.085	-0.112
3.28	0.808	0.085	-0.113
3.51	0.836	0.085	-0.114
3.74	0.863	0.085	-0.115
3.98	0.890	0.085	-0.115
4.21	0.917	0.085	-0.116
4.45	0.944	0.085	-0.117
4.68	0.971	0.085	-0.118
4.91	0.998	0.085	-0.119
5.15	1.025	0.085	-0.119
5.38	1.052	0.085	-0.120
5.62	1.078	0.085	-0.121
5.85	1.104	0.085	-0.121
6.08	1.130	0.086	-0.122
6.32	1.156	0.086	-0.122
6.55	1.182	0.086	-0.123
6.79	1.208	0.086	-0.124
7.02	1.233	0.086	-0.124
7.25	1.259	0.086	-0.125
7.49	1.284	0.086	-0.125
7.72	1.309	0.086	-0.125
7.96	1.333	0.087	-0.126
8.19	1.357	0.087	-0.126
8.42	1.381	0.087	-0.126
8.66	1.405	0.087	-0.127
8.89	1.430	0.087	-0.127
9.12	1.453	0.087	-0.127
9.88	1.515	0.088	-0.127
10.64	1.575	0.089	-0.126
11.40	1.615	0.090	-0.121
12.15	1.644	0.091	-0.116
12.91	1.682	0.093	-0.113
13.67	1.715	0.095	-0.111
14.42	1.736	0.099	-0.108
15.18	1.763	0.102	-0.106
15.94	1.771	0.108	-0.104
16.69	1.764	0.114	-0.103
17.45	1.760	0.121	-0.101
18.21	1.725	0.131	-0.100
18.97	1.704	0.140	-0.100
19.72	1.678	0.149	-0.100
20.48	1.651	0.159	-0.102
21.24	1.623	0.169	-0.104
21.99	1.607	0.178	-0.106
22.75	1.597	0.186	-0.110
23.51	1.589	0.194	-0.114
24.26	1.582	0.201	-0.118
25.02	1.556	0.214	-0.125
25.78	1.527	0.227	-0.133
26.53	1.498	0.240	-0.140
27.29	1.469	0.253	-0.148
28.05	1.440	0.266	-0.155
28.81	1.411	0.280	-0.163
29.56	1.382	0.293	-0.170
30.32	1.362	0.308	-0.174
31.08	1.342	0.323	-0.178
31.83	1.323	0.338	-0.182
32.59	1.303	0.353	-0.185
33.35	1.283	0.368	-0.189
34.10	1.263	0.384	-0.193
34.86	1.243	0.399	-0.196
35.62	1.223	0.414	-0.200
36.38	1.204	0.429	-0.204
37.13	1.184	0.444	-0.208
37.89	1.164	0.459	-0.211
38.65	1.144	0.474	-0.215
39.40	1.124	0.490	-0.219
40.16	1.106	0.505	-0.222
40.92	1.091	0.521	-0.224
41.67	1.075	0.538	-0.227
42.43	1.059	0.554	-0.229
43.19	1.043	0.570	-0.231
43.94	1.027	0.586	-0.234
44.70	1.011	0.603	-0.236
45.46	0.995	0.619	-0.238
46.22	0.979	0.635	-0.241
46.97	0.963	0.651	-0.243
47.73	0.947	0.668	-0.246
48.49	0.931	0.684	-0.248
49.24	0.915	0.700	-0.250
50.00	0.899	0.716	-0.253
60.00	0.684	0.925	-0.283
70.00	0.456	1.099	-0.316
80.00	0.222	1.218	-0.348
90.00	0.000	1.271	-0.377
100.00	-0.155	1.218	-0.388
110.00	-0.319	1.099	-0.387
120.00	-0.478	0.925	-0.381
130.00	-0.629	0.716	-0.380
140.00	-0.780	0.497	-0.403
150.00	-0.967	0.293	-0.485
160.00	-0.884	0.127	-0.533
170.00	-0.442	0.084	-0.391
180.00	0.000	0.084	0.000





